243
531
301
212
2574
77
0
62
1317
0
4439
4452
0
0
116
525
0
1
45
3
3
57
21
183
872
152
11
4
5
0
713
18
28
81
7
20
0
251
155
0
2096
0
0
95
0
0
195
809
11
12
0
3743
2212
100
1406
1857
9
7
75
0
11
671
0
24
27
9
1
0
11
200
0
37451
1
41
29
774
2
0
91
58
180
2
884
3356
3
6
0
4
4
302
71
0
0
10
1296
526
0
72
6
0
8511
97
1287
0
6
3197
121
802
20
3
1
6
0
41
0
0
441
933
0
1162
0
117
1
0
0
889
829
0
101
0
3
0
310
1
302
30
151
0
41
438
0
3
9
13
3531
1735
2
131
97
0
4
5043
197
137
0
0
200
63
2429
0
0
0
2946
5
0
214
6
33
125
5
0
48
37414
0
181
0
25
0
0
668
45
0
17
7
10
672
24
0
0
68
16970
45
42
33
25
89
47
1
130
21
15
98
0
0
29
5
10271
4
1
763
399
297
0
0
7326
19929
5
0
23856
1865
9
0
190
0
42
12
24
375
530
42
6
15
0
0
303
558
125
0
522
96
7
9
2
70
3
51
2
1499
54
1567
90
16
703
77
269
172
0
6
10
44
210
8
0
1917
4
190
5625
19
24
1
15
9
684
0
0
1394
22
0
19
47
106
91
0
1862
11215
41
0
139
0
1469
950
341
1677
340
27
99
49
13
10
0
118
0
2
153
49
2635
3
6
5
0
0
7909
4114
1131
36
0
1833
130
276
5
8300
170
5
194
15
0
300
3319
438
470
41
49
1710
1
412
1221
224
223
64
0
78
56
338
11
59
0
1225
44
0
398
16
97
21
0
3
766
229
1
1148
6
10
1
15271
4174
92
49
214
43
381
62
0
19970
0
0
15
120
266
0
0
17
35
215
53
15
1
200
3789
100
1155
289
0
302
0
3254
1330
0
4929
0
1803
17
153
0
0
0
126
0
176
1790
210
36776
119
183
265
100
57
92
76
169
6
11582
0
