0
1209
0
445
0
245
256
436
252
0
21
3578
219
4090
231
2099
7
7
78
35
9
0
76
266
1815
251
12
14
24
13
569
123
0
110
18
42
102
1477
666
0
137
0
3710
234
0
114
219
178
42
54
902
1029
2718
82
3613
3874
20
12
79
2383
2
1094
0
37
110
56
8
38
28
96
525
971
21
105
60
1658
15
4
40
1014
614
95
19
4233
297
18
0
34
18
324
153
1791
0
16
746
225
0
51
0
116
4835
35
3557
4103
32
1727
319
722
8
24
0
1
78
37
3723
177
0
1694
640
1603
50
674
331
550
0
562
0
0
0
884
12
4622
0
7
61
82
165
1576
80
396
0
90
31
59
4410
1277
1
179
189
0
0
2746
901
44
0
2
134
50
3402
495
432
4716
2850
239
0
201
18
65
2762
18
1530
689
503
0
59
4595
40
4879
4790
0
272
317
46
27
125
4339
47
0
18
151
1125
20
109
115
89
946
88
20
256
207
71
0
13
2204
67
30
2779
20
32
1172
94
520
39
0
662
0
27
2277
0
1724
60
0
6
4577
148
14
187
4736
623
99
49
291
0
1
374
1303
333
0
1376
25
156
70
42
512
35
277
107
1920
83
4356
343
29
0
2
2748
16
0
17
0
36
0
40
137
1008
17
212
4710
578
929
12
0
34
1720
0
19
0
0
0
214
334
240
57
5
4610
3795
148
2077
3322
1603
2310
4587
7
2498
0
59
430
201
255
27
5
446
0
27
0
201
2918
63
27
17
0
172
2
4387
851
135
0
12
322
2374
70
4773
216
65
904
26
0
369
4080
3700
277
198
120
525
15
670
2
214
59
156
4971
490
254
867
129
0
1102
3337
33
86
557
21
0
56
127
16
4915
1629
45
2757
64
70
10
0
1927
422
69
0
141
0
0
4932
120
4
946
2
178
2701
30
0
19
70
325
0
15
13
889
2226
674
1757
853
2819
614
0
596
4540
13
368
128
1816
51
225
5
6
0
2131
11
1988
2271
1900
3467
54
1755
1830
159
300
696
258
288
12
0
31
