100005440858613121335
100006872379049311868
100009023609659150785
100011386455690017279
100012599044872206554
100013255188181309590
100014376191395984756
100016850341670263677
100020031230211005739
100023023402909125786
100025447091566644701
100028007420392742481
100033976969902742754
100036766965476141324
100036913044448795492
100039440804446855635
100040048890720064507
100043209636200614108
100043602612350185455
100043704420245195508
100045262980057783981
100045395855000325667
100046481305306989328
100046871121585325960
100047003971241437110
100054758209748714419
100055414658055818589
100055822427917877441
100060487944052979671
100062399799795283511
100063901343987140098
100069217191552557601
100070179937777397434
100079085426705996193
100079207371828073169
100079996818184376751
100081238777846585347
100082676967959279739
100086937677239058241
100088093147889718698
100091131843554639974
100094582721646952280
100095132108965130348
100101802562748574238
100102080032519254746
100103219268930434519
100105166562504132677
100109056854486766391
100109746069708539636
100109837944314351833
100112141779438586837
100114855050430431383
100117221369889575257
100121185783883177781
100121298268676090385
100124782047125070094
100126691526433515622
100132422300064274541
100133848506420783253
100140161984295159832
100143554937523522694
100145478150933633015
100149175673005374822
100150190440491748361
100150916712531723859
100151842377964629882
100152673222344418984
100171247645809359330
100171400190189313512
100171572694738074922
100173116267905363054
100180541510430248917
100181845684552325433
100194213699882168437
100195849698499750073
100197212338411845941
100199501971818625633
100201812672941857234
100202907556299298868
100204491389909955903
100208776595882260604
100214775634775640380
100215920055663841762
100219868691244270234
100225113088242138629
100227037981058076682
100223540617451560186
100007677219206213074
100173411718314907087
100202162656694915249
100211106433049108040
100237789379452069243
100237860381146464551
100238601001630858282
100244332476763117650
100248342811847599471
100248995684013060847
100254762726588510044
100259048150604903884
100261000434800772832
100266574813961088959
100267175813658785681
100268165708963613171
100273782112071904212
100274329723010705923
100279857976457283466
100291554110769704983
100298099093798014502
100298173813476842818
100298922022203700996
100305255467710702526
100309206973625400795
100310326144449618812
100311423188782096593
100312904881944786667
100315911684212363574
100319951502066606582
100321502308174468254
100324750114813757887
100330942988879951535
100331833637546270932
100338229246616489580
100338532997815257030
100339925716803081590
100341354608370317779
100342179436421281499
100348911865185857065
100349051393784080024
100349857887165675732
100350764058747277856
100351588163489715972
100352766891075280285
100352829095988387124
100360059781996681980
100363538181856295624
100368714071447312816
100368868318069317137
100372639892528641417
100379382966423640268
100388291477220021155
100388389105995244728
100391516816541492873
100393143374823727901
100395262947058494995
100401761523929992890
100401866966088077234
100408792600600947122
100415123863911587214
100415348540535736263
100416591577369977650
100418823092507315003
100420800805344133280
100421169114326976284
100422465383959125036
100423282523220256586
100423368072437669449
100423889072670396529
100424586570705393235
100426607484823107267
100427254176293264997
100427630029253532631
100429749615423475976
100430093747140423667
100430146730225122585
100431250499845047414
100433211878928225362
100434077091186044502
100438571941780579177
100444580107697573038
100132925075053834521
100447248107192027363
100447486134757130529
100451406650884759770
100452430198715139087
100455468943492376717
100015939194144372432
100035308814787851391
100039988440384373807
100043880488377727458
100067142967511308045
100088864630158575424
100110432182849013806
100139628107489262447
100152645831047030570
100176681569145671617
100192236677783952922
100215691603928503730
100248017221099748651
100257052166620014335
100271317770228757662
100307281047607810906
100339644083925368555
100369544836547933230
100411010774994822743
100429459173865323563
100176922552667889464
100224572648933665695
100270361186300190017
100123949723387511774
100125242370593012990
100446818067961083840
100280404039684697927
100456143298850261994
100457730190884928295
100458959281814814633
100466267388754245407
100468006167331772281
100469159967254583375
100456143298850261994
100457730190884928295
100458959281814814633
100471022172343098491
100466267388754245407
100474103193734642655
100468006167331772281
100469159967254583375
100471022172343098491
100474103193734642655
100475305797609559287
100478531887982737591
100475305797609559287
100478531887982737591
100479653618195391131
100479653618195391131
100483111876848837629
100483111876848837629
100484344225132481434
100484344225132481434
100486252418719548501
100486252418719548501
100487678276761181788
100491263875627677347
100494418079360899944
100495254500153761495
100497127228899339306
100497800268139523295
100502220674004893540
100502360400967395340
100503293520061082782
100504810929329551891
100505041061514316575
100507647619087359755
100511238394935961503
100514356881651537070
100515831133097878463
100517748882652753864
100487678276761181788
100518800647370967734
100491263875627677347
100523399424637750332
100525224318228061911
100494418079360899944
100495254500153761495
100527313780913541847
100497127228899339306
100497800268139523295
100531594124810795497
100502220674004893540
100540900504615011751
100502360400967395340
100543710091292938942
100503293520061082782
100545291995857780376
100504810929329551891
100545473908329076139
100549721784190683800
100550246427666161821
100505041061514316575
100552562748726946199
100507647619087359755
100557084998195764533
100511238394935961503
100557262490555169596
100560895824957631732
100562447578407335428
100003885559640414843
100564023949003258462
100564697774302532353
100581137338985238517
100564023949003258462
100564697774302532353
100581137338985238517
100583163317058517498
100584186745327413318
100585505997082685751
100585906985572910724
100586635735715173856
100586769932319248940
100587638148178491893
100583163317058517498
100591468350241980561
100584186745327413318
100585505997082685751
100585906985572910724
100586635735715173856
100592977432977180224
100593078486510987259
100595400051753473012
100599482156578395021
100599847166024735471
100586769932319248940
100599853238289788827
100602146170858840964
100587638148178491893
100591468350241980561
100592977432977180224
100593078486510987259
100595400051753473012
100599482156578395021
100599847166024735471
100606796235673521245
100608383132715184220
100608907263449752783
100609575100523318514
100611138853974877845
100612935252127949821
100613995328737709527
100620600383660740334
100623122226235539607
100624644810606961344
100624854627561694283
100626696333713598784
100631057117077107466
100635650685995209440
100636532275741797931
100039708858651003117
100161209817739349478
100203090469019107317
100214246613937855774
100250870685395046536
100266002636516044162
100274911026064982161
100289738386285040667
100307921271288291177
100390273993699271498
100408139138949587390
100453508595372951210
100577813250165649544
100638265708989635844
100639719414099054314
100640615722042999117
100642163357087038771
100646987188088825747
100649751704618864399
100650184906412717542
100655947531962689449
100656148577455353288
100656705788401128691
100658549134734909695
100660869881640917753
100661206525123270157
100661866165887150540
100663216076008171113
100667747575587671007
100670410432480878301
100671604170209065517
100674537597478853554
100676180616616764032
100678294689743635120
100680361762178575921
100680528669842390524
100681284529863325532
100683664842990471255
100683711198831671670
100685485724856799862
100687296108309190394
100687800555677507453
100692738402347763574
100694196290190193494
100695860456104061682
100698282027630058297
100699536918220777165
100700839186318847463
100701164261086809790
100702313806903578930
100703682471475903813
100070506823492095509
100144864059163909973
100394163034088629206
100462537426454820499
100499660181362669155
100619417381259982788
100623775938682729071
100680531521730526189
100704306217753225510
100704844139433079471
100707447695479353688
100708093441427360021
100710159923452603989
100710625061432679555
100715927445241503516
100718943489034479467
100721180505679066413
100721860300413378734
100723779081932871339
100724636133738098395
100726432857821331984
100726618809914421592
100728118038257407694
100730361568662867439
100731004159633115280
100732699935553767330
100735648168583986105
100737183568877090804
100737884587239822821
100739896928616369357
100741119549524296140
100742800346082897736
100748133972659317760
100751956595511204012
100753477371208413823
100754960132495833064
100755326520819306331
100756026100071023499
100756142723772323478
100760707001682132973
100762466025236474584
100762643496950232216
100763753636951638254
100764047687743333219
100764218150321459272
100768346148591465899
100769078429027477319
100770210933501885593
100770421419429232532
100770455313192460616
100779647650075304984
100781017491725747221
100781072970710231206
100783484539888934475
100784056721146286027
100784422487698824847
100785873424873132567
100790877524489329208
100791427068516727730
100792154018193263150
100793172289735956891
100795442790520279753
100796293210045971653
100797516343232623617
100799710794286538371
100799974529278648295
100804382761330396303
100805208695129545012
100806950367296304699
100809709250772777596
100809760030240588087
100810615781132770013
100813283709368540682
100813568256418238774
100815477462868148488
100816418778306854164
100816656705625700844
100817770886741499824
100818480826259647480
100825428859840579003
100825806642127315262
100826995176850396946
100828586583137424044
100831409086162912130
100833531244712650174
100835395075725141371
100837126460970851520
100841654329180405393
100845411838923526627
100847263834412191034
100852581940874962696
100853418674363532600
100855250685251371696
100856005568498219657
100856286579828188424
100862866325807372332
100864582020481391328
100864964804142912584
100865990612231847633
100867160253085345482
100867410923614337607
100871963548263625374
100875097575286924225
100875936737277816304
100876323293062546475
100879076890046935184
100879242697272529750
100881768866638773291
100885217274695195951
100888168391527768347
100889948546531552822
100895527125353169539
100898341810310742346
100900736010591735337
100901242103135880246
100901699812188477762
100903142063790315866
100905214367957619803
100905262270056139656
100907383246141465570
100910514632097502976
100910549574806982474
100910585380276862823
100914863253504534061
100915114049870461259
100924702710705490130
100925749248551199634
100927088307902484044
100927157446726036016
100929170551989634085
100931690051368216501
100933420159871787921
100934646736203423559
100934980889610871221
100935327722696281524
100936224034314887699
100944840930193811209
100947518728730291540
100948554658297392257
100950003189809633811
100950101776283519055
100950187385963752926
100950641908847493280
100951162057786383128
100953364358001044121
100953412597128062010
100953987381060397290
100954484886922387293
100954599824671187324
100963354390655432552
100964139581346912289
100971668795220205288
100974956719176813352
100975119968854058792
100980960010030979831
100982491339788329642
100985492998150618933
100988536915707979221
100992239942663933584
100992496574537938867
100992706318982305906
100994397079091277958
100994865503855289751
100995650330220130115
100997347105370007265
100999851987741256316
101003182015868599859
101005212041462118180
101005695764847320628
101005740090255645280
101010058091303628608
101010568667860317279
101012875934794013886
101016189423228483061
101020118376252269599
101022143450258059402
101023670268940767339
101027665120773543578
101031213732887743028
101032226186517644888
101033985461186666632
101035712035974507149
101036872916812276529
101037009291419452005
101037716686652814931
101037951469012305592
101039383963337552070
101040415402773943888
101040943657916352977
101045050196267167755
101048321278765263216
101050189703517977543
101056643729953020726
101059184266942169536
101062311995997499086
101062980335595207514
101063128559105794546
101065940350166097187
101066185212959096385
101068988532047842907
101071221244043324451
101071509770144342021
101080698558911520967
101082330316818683687
101083821723939815028
101086013983776358101
101087637333109411923
101094098883069949326
101096363587513505323
101096557551729855880
101096877796528149803
101097105958357127645
101097216152835538693
101097496762646547868
101099184779020026268
101100092530523107296
101101039267848910186
101101398542743850878
101105025090141219779
101112781421869574980
101114234372653992085
101115548488347640251
101116216344969578623
101118465838363062460
101118511884439366897
100005298838932644462
100022207212468656444
100024294598072874712
100028313332125756719
100033855520749650939
100088602633217795994
100096254707444172766
100097754065757217544
100101322588157885773
100101447875241996164
100109164671370520467
100113247311239842931
100115720900574918053
100127465358881671994
100128179282462813270
100132141818220786363
100138732781762648421
100143868893019762658
100181576342808601842
100213763847864757385
100228675657277999001
100229389034706941907
100255685988546729005
100267930893284392180
100285444967971298529
100290907513136765128
100290946422034371822
100306305154205194604
100351556948436358998
100353983910245589304
100379946486596076357
100407171760520051137
100408650799557835305
100428520617019282752
100436659880714340653
100451036677375447366
100467579499605291268
100486278181789728220
100492709706470891167
100496309417083086767
100505480496956819402
100511954615480723230
100532094678152856715
100532260807223071410
100542291392708902708
100550467322342648260
100555097511231963162
100565644724217508680
100594020328016176918
100599446717592673694
100604218854561590385
100607507932872070101
100624539796374443208
100631915660541374328
100639263167226246011
100664191321121141731
100665947224792323031
100681028523402369071
100688329702173421726
100691484857349170078
100703997036431101443
100716991827457934763
100728481122084884645
100729575378936927426
100744240968431901809
100747236048729768920
100760372735901036373
100761778989710772631
100762223908647206835
100786573902429334399
100795444083274834011
100834341973183928073
100852762981394046632
100854314679994881585
100860593764419419938
100872024222692110234
100910305218877473331
100912252518317606282
100924342902609137269
100926756755223572226
100926977231333134965
100946863130110168593
100951122939468592561
100974577256486279668
100977678341657858013
100990531880510488733
101020614170453583951
101025944906350597795
101057139442192228117
101085745671187128468
101088478196757898687
101091160373755422490
101091711212560526032
101093034637670749721
101118935177157055372
101119453494704698414
101121248906954123635
101122164527562940074
101124207678596867269
101125269659914543425
101130144551387257563
101130978637237416198
101131127262130882832
101131624997247935826
101132496243764140170
101141731597429288784
101141895858618395082
101142278637219779797
101143256782806658650
101151066678286100450
101151239666088731701
101153303424870640212
101153893331050515216
101155152251337738164
101155276743737644087
101155441054144930578
101156837228635261810
101157492814943051114
101157511713681301951
101157840590982938440
101159024533408841681
101159726845862944750
101163485330524730397
101163839545251316840
101163964594674988043
101164214769370490608
101164464429280009135
101168449375379418317
101170212373756724856
101170436531055621942
101173107232593754745
101173269126314204542
101173271894023705768
101174631701426584628
101177540152593893057
101177567858801705171
101178244389373331780
101180059115140756735
101180105384289736202
101181003140618681292
101181295868915684331
101183957498924334864
101184087954556928422
101184447746633174079
101185388575150750931
101185433709316042821
101189393910055735692
101190534098258584489
101191370055358729127
101192860800620157695
101194834206909134715
101195957010371808843
101199583119891431801
101199841090099966115
101200133824425293808
101200736521404720361
101202630290708114225
101203314353451808828
101205510274535795128
101208043155315606360
101209046332899314496
101212420035709299269
101213846053428912984
101215310579513870747
101215776414177056410
101216330589441609440
101217523591379398066
101219109607914025719
101224886354940658009
101226860421502799543
101232559796361492258
101236056175138564299
101237861410513080311
101238642645522342926
101238711439706516053
101238882415074083331
101241585988848155962
101244143434074672581
101248153577281539704
101248937515572502356
101251350196251998370
101251531558430722782
101252347118094923067
101253638540564471608
101255951705114192275
101257394450282099887
101257658108325075081
101258196698948399806
101258786217160931140
101261887878806431222
101265084684267004676
101265365116714732942
101267523290364425603
101267639707299961389
101269406201033489931
101269616518480136760
101271936940140205540
101272238798664230448
101274243905552341029
101277686938163776248
101278068060146062404
101281122621816903320
101285675309489705664
101286947364558126824
101289497122686189531
101290840055847206097
101293190913724572246
101295385484418153656
101300472433711773801
101301729055057056803
101302361040858402857
101302808361108514150
101305208068046414956
101306246716291687652
101306806722837938770
101306868190765429932
101309724624967685256
101310036601782052112
101310038956922078590
101310976079091341503
101312164996264718129
101312907241386115677
101313466744182346925
101315754006119794065
101316594356865232798
101316941002645091135
101319004318860741869
101321028399783355276
101322893613188046017
101323274704593932928
101324981776952850630
101325128971125258534
101331919805746811780
101335362069026289304
101336034303075279694
101338565580525019220
101339559348956268754
101344026530554415683
101345268818857852732
101348898289531355634
101349042792139784304
101350049106284927642
101350061008798213227
101351467467677592016
101357460931936894584
101360138231171651486
101361805918235573022
101364123926078046197
101364246607723444261
101365784646877896432
101366227130828457375
101366902649989684840
101367063828418811525
101367344462918693548
101369572081753478019
101371583134459052227
101371785425549144265
101372570413780898544
101373653382084642854
101375803786936665971
101377885956893470182
101378261351510337390
101378443222726017136
101379202904479314263
101380229968814477235
101381391553203383470
101381769815622941937
101383941455457321647
101387092275812938679
101390572574699250543
101390704265418992132
101392319893887900621
101392625220451721239
101394919852284243783
101399654324519051405
101402858628783879468
101403826054157350236
101404856746976388325
101406558499338701148
101407233075234927462
101409120048936859517
101409884639313063960
101410069359278462456
101410860803457431211
101411412868030484195
101412588766923348278
101413789380409100516
101416863243802470395
101417252937213283901
101417437627596505067
101417807547782624308
101419419670503008229
101419617768707290562
101419812440440103357
101421674406210144490
101422806740275906154
101427062246457503104
101427723079927435903
101429424971943744842
101429616110119376422
101431108320368668171
101431346863299249346
101433078905344343230
101433175207503768531
101435554141002343381
101442396313707771853
101443020913574415986
101443587851082983540
101444282483936352997
101444285244039870573
101446481395121007630
101447667312673141053
101449660715793024404
101449664247632671671
101450036645888494294
101450252884329863025
101453011892027723734
101458535860155842385
101461898032221298668
101462054018437589475
101463306103175175035
101464810757403029604
101465423120702995011
101468122130101292777
101468385271742611223
101469656256771441604
101470627094370556149
101471440682812328668
101471535529846017582
101471753469773705614
101472591642868373783
101473307199738441583
101474535897073569836
101476228723160019710
101476696357649040041
101476793994916451584
101478655720751654691
101480433434587603286
101481010206913420999
101483061513948833150
101483574505326593782
101484421202667579814
101484794031861412054
101490049588392515669
101492266693608146313
101492475418032677826
101494211780039966050
101498958990111458228
101501009282920577923
101503408253119937599
100023068948272367129
100024812312725585892
100047215882241292215
100080485889618026494
100082151934303351672
100082898183177261495
100083829159016858232
100126052854626833926
100132970664973622068
100133356416581613007
100134115064505966350
100134732636536725651
100136812945122652208
100146028021955828615
100172216890994354180
100179973466856949222
100211724609548223335
100236681873778618203
100254863773082540099
100269802149977548704
100294932516203879391
100295322696669017300
100306073783323857197
100315562525905077316
100326018485113824552
100341335928861246130
100358673341205910381
100359576452319376273
100371957933409640645
100384117967427442939
100387692799048583162
100398771166713504492
100405757895397097831
100444405263654742892
100515677241262943974
100541642239671168559
100556391408700637185
100564258496786491676
100568431481379872276
100593902861536617711
100595272774920824911
100600622588025476518
100613297851178698639
100625063727605613913
100634846057374896352
100642724919156490819
100655228325258863240
100666070522154665460
100666231320632632577
100669160750765011271
100674885082962380808
100697407029669055974
100701567528672765386
100711018687302611006
100712304813128676602
100719324382886601768
100719817532999962623
100720078493035231267
100724830734159487891
100726494000652135497
100736561554288547930
100736960484280495316
100742553566229530720
100743086380815097913
100758507506787481234
100759937228362104229
100766777524355246177
100770001832828273325
100788862004768556775
100790001759151407552
100793648661835691788
100799898673495360298
100807640611424951393
100821111925140750515
100833304319874165294
100836571841808292169
100852036474143402737
100856371269322283233
100884575601767895039
100898529142759286097
100901335769196046692
100916613205566234276
100918286840280768605
100939115423237646889
100960796724500543515
100966514629121731609
100969340633160960324
100979451701228643353
100981904162679512906
101014103998494599540
101025081316461253246
101053465366564422579
101057641517801907406
101059543262147614817
101073237486806628276
101075086945467627053
101075742688397332816
101085519697614538922
101088775795344793362
101103277244756696911
101105261403679565108
101106343749105841608
101107064097864674867
101130337799469049594
101138478363153047572
101189035317188194903
101200976237285420530
101220357990047972298
101222602759913435167
101227979920531977817
101252989518314221444
101271992058572427440
101276516947217339744
101289043660107455943
101292239672204840773
101298013388680184040
101300030848765046142
101315410821324898693
101319597682132992101
101324552491337844123
101326320510647110026
101335164457450567323
101368052836532284984
101383638449943044656
101389749046867412548
101410296672112577346
101410552789235211199
101419413741447787347
101421378985964254109
101429624271199556878
101444027877984564620
101455385695024053569
101461750808551428942
101480825480770915664
101503730108716687100
101505992540114624801
101506673636506352045
101507468193638638928
101508910510351235178
101510391652883275708
101511746850819222729
101515390835548674846
101518103103982213700
101519794657124374346
101524598867231428241
101525913998823869552
101526486575672443190
101527119545969924622
101528037131649662112
101528063486074134352
101528582816672268631
101528827733245740923
101529519786887101224
101530934819537296902
101531419636756277032
101531693623489508960
101531934083592297389
101533057128642379566
101537619391272936797
101538119965805826272
101538576049021147027
101539374090108320233
101539389068488716545
101540722806772820521
101541365290359586084
101544646299572356349
101545529855199498335
101545625262863380702
101552406864039729372
101554451066002166970
101557657059253831434
101557748989907248472
101559064690601061535
101560519685324416927
101564653241597031239
101566738389723992045
101567283062386999908
101568386498571550785
101568531447787712899
101569105803163122247
101569475665388289954
101570026152460085195
101570225592032648825
101571254001208805705
101572583006973068992
101572972776029791649
101573031134184227761
101575504885857911755
101576317960179162562
101576618229804600729
101578259174972154778
101579471838870487607
101580645681671200824
101580770687505872551
101581407178475016484
101583731352338478032
101583846537684714704
101585317351906837665
101585410848873318330
101587046212516226572
101587408671114518022
101587520191677063137
101587783148379139827
101589535319668560194
101591324755094248814
101592363522156504330
101597065604059064618
101597407488644738988
101597837689120718988
101599842224329159405
101603943399201081063
101605847708001377461
101607701063180138111
101609327429186184714
101610485001464449729
101617737647311210470
101619481374025493542
101621849341373752610
101622340648261928587
101623522140174573800
101628685186062898006
101628914424411553966
101629477914348732416
101631436179836057797
101631735463767773141
101633590909790225455
101635232484996883646
101635981809018249744
101636022164424747091
101636056845721457762
101636379600325812662
101636808734119777501
101641443092220086911
101641619946231110159
101642879095014305672
101644553681505482994
101646143182607483300
101646536068201386709
101647004701511181368
101647049201836462734
101647080347375127044
101647335129161049761
101648437655064541957
101649070925294990668
101650342518184399990
101652031516630281482
101653695201606162026
101654421012887896002
101654547149173262533
101658050072700619562
101658246829055324828
101658745070215669456
101661424372095196321
101663624928046603065
101665333841267942927
101666877402826260815
101667322654052663714
101667540876864128603
101668216008464037449
101671606936189761762
101672658926128221197
101673174513434706260
101675213736833882369
101675496495240704059
101675619052625263348
101677119673824891605
101677580314025437452
101679130025469115641
101679424182368928312
101679687797015784185
101681385651576647481
101681722531077854733
101682631107511130833
101684009905929124087
101684355729865589292
101684614584282170599
101686191719672685018
101687216621833954603
101690230700803679188
101691140518011881577
101693564184997399333
101694722832097304674
101694725360707266811
101694859749887287821
101697243138042706650
101698898724460041691
101700887260778224149
101701668019283259031
101701890262134117104
101703876231681239055
101705493305013638121
101706206246918913774
101707085688384916747
101708026601284246537
101709433289539300458
101709750346921255095
101711652049170601019
101711791532848307853
101711933192711426030
100024582277171191981
100034828195835575273
100062186768194323284
100069561786011030762
100072617492482532817
100073217413403202895
100103465141386373453
100134370530273253784
100146797514614893965
100158115208505731256
100168560413901439565
100182016852330233637
100188557028585168265
100198894919486054163
100200375263591188932
100204764089211927735
100211009745420011102
100224170987429975533
100235434929341569108
100247226207645948670
100248280336062304298
100258269357778862763
100258330325630692559
100297500289002411584
100306693255931508920
100316051086815772157
100336693663376888781
100385209003673640439
100396376225425831486
100404866982095716170
100414985306740331092
100459496947921395680
100466289464057672336
100473613242554162495
100485812698081894558
100514505702836333876
100516746711748048807
100529478513641840597
100529811744257930601
100534302936800954366
100536828107704001271
100546156706834829009
100559845358608271439
100572287335292053719
100576588938458558715
100592222070907767570
100605678495774178387
100617699727189487414
100626684011961222591
100633431663082600243
100633983167466911794
100645156755131919711
100653655697732237566
100685532399188906611
100686759698837556829
100700504787710347652
100704779569459176334
100709570149821389959
100716766133971132748
100724672527492225350
100728582301859061676
100738759075747808577
100751530254361745549
100758451625792081681
100776710011171601892
100788234082034346259
100792002324078123275
100826339887805481910
100856006456939365438
100856614165009835927
100861482268657231784
100875190201656130740
100880261223411145223
100882986583682224991
100886558878872350133
100893080584997034626
100916383234490483400
100933343927814420535
100946410231866941941
100970757920628625445
100975302193652172489
100980837993622586194
101037738487501680823
101038142147495414017
101051726791674174366
101066033970960722144
101070437521095885589
101076283800973182557
101092973687375780196
101097511306279287367
101105970943339774556
101106714456215000866
101108577859647659705
101126933048700845844
101130755188304573457
101131668250494845651
101166430416955614524
101178235604136839700
101195941430914212128
101227417294991925664
101241101343001088322
101250414633147667689
101256328845237047344
101276112367375046229
101304385033530736219
101308955907842679516
101310725102160189682
101347695251727094484
101348835131310796504
101352860717278218099
101361096296977570859
101362518815456235014
101369005865008364777
101380771620354900001
101385716874034761391
100005178376922397299
100024139326073165639
100034081581427776311
100058431181234904989
100080750626485399473
100103399625731050811
100154640822621837976
100231723112482098117
100257209972607337065
100284064019761359481
100285505534974877690
100293538102286742932
100319401453915591282
100322442965478944649
100325132534530927444
100345542681372732693
100351783098698889353
100393313939220710145
100478795338978368646
100495046158665759946
100514547398725169145
100562061225637268954
100586015727997233724
100595389467781461359
100613552745105387325
100674359216907799632
100681952798095721466
100699273996805247226
100753155257707498815
100837792529920615577
100874572914475473087
100874774670188625551
100881603871652783396
100926443266255107413
101021547293446322127
101042365942868717982
101071949903994005566
101073069274393537623
101115235679473513568
101131576202075194587
101136827794187263109
101146686432219093064
101177917906251633027
101203184121925508602
101209515591973953466
101381618940944826314
101398992048388941831
101402800959667799695
101422102851054877177
101433298510138434615
101436955416368885554
101445885768777283792
101456634649025959945
101475143178239965532
101476330980028749607
101481419457552941085
101481818049237894257
101482867353365111077
101488748764908477997
101492181521325620410
101507543376363075462
101517784260074488420
101522419831469350599
101523885958217156922
101528610025342809011
101557171735323867683
101570178526223697465
101604024915881859025
101609094357292764962
101616217618736157921
101620267201916631136
101627879417336943621
101633529127132109790
101641853650954630023
101645498040028895360
101670502943069148746
101673247563645043785
101707044852192472426
101716151846566447779
101716531693297386165
101717612861294301871
101721316376691659234
101722673619149395042
101724508218395813172
101724914861984611200
101727324674769989007
101728221119537040866
101731047802483387683
101733890852188424277
101734999880724383194
101737958203215496502
101738081159275727772
101738694191337894572
101739438290036263004
101739500664882224175
101740080334537520165
101744975581108385342
101745596224725395297
101745971620448348748
101748457100622681465
101751773347482047993
101753715236837631020
101754168481402112761
101754946927872024667
101757849395325101421
101758499831332317748
101758579306562005448
101759860311252876460
101760188584772420097
101762135307078494343
101762962908942787619
101764090850602912689
101764174850410525944
101764937080658839116
101765801610114343979
101766719378878751185
101767295872452482725
101768406738736310175
101768419841179565171
101768760172530788151
101770931729857457673
101771546954459084834
101772333221506094680
101772824392656498592
101773529561197314406
101773674355160162210
101774812791501359082
101774836159237096367
101774863791685287102
101775568982704359128
101776184421904376786
101777282337707498596
101777313117241957016
101778778020446767742
101778831935935617894
101779059867494506276
101780114722497600754
101781221035672452527
101781251009124802395
101782216060277606909
101783924701105309814
101787100213526332790
101788064621577860405
101789555764454317451
101793072926801958303
101794711509621223929
101797245023118190871
101799489661777523963
101801459740451607172
101802459922258910806
101803918325183128573
101804275662997365001
101805778287325786621
101805908302480314298
101806600386452236269
101809069955122258793
101811255481622845762
101811321402734733654
101811340813117737931
101811377274662319052
101811515479473439513
101812342362968823799
101815529530187679496
101819126554475321492
101821265774591980489
101822223951618236829
101822338689467104847
101822359528942358895
101824227020858003221
101825611058800069157
101827017655365817001
101827163753006139155
101830942943982842165
101831024558648949142
101831492487621641589
101831731624876651298
101835871080612963633
101835973453547566714
101836492508263435850
101837891027749333346
101849286160715899676
101850718826306193705
101851376511114374965
101852583738676965181
101853670813026701277
101854121329902984072
101854448320357270308
101855251447496175265
101855395694564482776
101855951372197546892
101856536526940657282
101859875338852778463
101862017241474319639
101863722178845808651
101864908629932348559
101866162416149156257
101866319708132640700
101867039133026072077
101868244023577222599
101869232290684242683
101869617055522555338
101869626032068174625
101870768911556153148
101871021721217971422
101873829070855379840
101874221562602400995
101875826306302378130
101875842833285313910
101877570901076290037
101878854742071623077
101879809307824711953
101882066148318535550
101882364709789763070
101883565149048065865
101887538797916865391
101888115804020654538
101888505277693924282
101888740591832546956
101889902154623941768
101891135254233981900
101892884952843863570
101896267178068993113
101896342381027959866
101896779799142832083
101896936791216564115
101898598408045098162
101898655752670419841
101898806715905194659
101903874755260948026
101904961942369642775
101905862922036688413
101906236646150432030
101906268920367925422
101906586681252797512
101909215189329863209
101909835129272053789
101911980251754974870
101913015850829854069
101913452965238747261
101914216709118423011
101916419555958588436
101916828452252108517
101916900802145842916
101919806474511342790
101920405898582777511
101920685311195072183
101922682700252053305
101923584783427231532
101924809041290841032
101924901028791456377
101925705381192094985
101926236446560603904
101927184755410106284
101928040067322613280
101929310685048354691
101930022439421374351
101931115288593674706
101932083153254962330
101932907608280169757
101933487749712992695
101933793909441910483
101934089783532606275
101934135950138225523
101934359624678989452
101935375341757855353
101936869380609661890
101937564814249835675
101939473392474642735
101939540877250235843
101941402416294899031
101942077607351166587
101942275540934781732
101943160798599555492
101943946353754756509
101944882710003979681
101946953373173079500
101947243238426019267
101947922982242119924
101949667904431991592
101950445756709257466
101950668398002247350
101953096779586358238
101953106447582622452
101953167786567153610
101953388651115410516
101953649136531395034
101954074081181256724
101954260119180739379
101956053532264411768
101956817203063886000
101959131078580162965
101959243706126866055
101961539281667275611
101961950351039098011
101962098738698645715
101962829696981365403
101965172849852398754
101966054083694648091
101966120777794024452
101967259152257300830
101967266383675021228
101967619149073183371
101968100390455663158
101968267547679557623
101968997261170311242
101969169020831470156
101969351800010793648
101969914461424619112
101975032663336955608
101975133966831452277
101975853170707139492
101977291103419139604
101978086400362765344
101978186936064587091
101979350458290818225
101979955363701358811
101979971101059371565
101980457126857022477
101981906913407960747
101982718686710499976
101984700919183672218
101984854149727931198
101985192608652840212
101986623270137417848
101987247680481257773
101989534142020246362
101989631417534793207
101989782765103289424
101991087677668197219
101991141618458450519
101991142613632293655
101991205745395064876
101992847249557541101
101992998796448892755
101993064125007771633
101994075012832018683
101994624132608522943
101994912793744665580
101995754856856861362
101995762939355167587
101996482950490538233
101999713404249620657
102000070312217470230
102000491734541078356
102001441784281796132
102002446170405651388
102002689552582978365
102005585682523858302
102006535043353212613
102007305345434098777
102007944389670405398
102010432128559099780
102011297319935810612
102012789012377937346
102013507301200500449
102014866003760677379
102017461985880147921
102018573925842000903
102020571900373233045
102020694911010362162
102021132927566273552
102022287244860082820
102023064290113781241
102023992483748244815
102025990422388846227
102026032307838420482
102027623606076704206
102027962662547784770
102028714116196920791
102028895046557113046
102029062509716057792
102029505169101002492
102029968195105105092
102030510194464975602
102030786573863242906
102032603574224414110
102033070601018850226
102033480171277974124
102033795206860662912
102038231139755784692
102039810091974068116
102040182971298167984
102042431463461208127
102042742024280682877
102044842281750360683
102046021660957372202
102048786417282259006
102049510110350221074
102049675801607155474
102052926333525459351
102053207917183790053
102054703728087773572
102055282567855935973
102057242530249452284
102057257560020470474
102060378578384093428
102060546993982587726
102061272587993613697
102062701877962118017
102063496764387083716
102066111336362870522
102070265363541609548
102070306921840892562
102071970281731743188
102073054038010595034
102073957340688364688
102074109631807854718
102075201333769600447
102078129086474842772
102078507120415026636
102078582135984106054
102079077988176343793
102079583252965270343
102080731242989940218
102080853498950937687
102081979898076645957
102082394363178399671
102083860133850881536
102084416017045153598
102086239265271047553
102087678524794972079
102087933204065704698
102088098129009914288
102090068382485998177
102090217590405588509
102090694494765945028
102092055605003179016
102093783960215396590
102095276887542282686
102097750043668138606
102100557390860635392
102102918512414405921
102103839168067657575
102103858532849125077
102104091942812820738
102104745152927753228
102104975028509433828
102105611958478277226
102107409537554970613
102109638032146839407
102110875355026976050
102112264526628440578
102112604159730445155
102112839772263488453
102114755467582703472
102117101687693790826
102121409478764742904
102121790675527405907
102122095428648661850
102122235930793497806
102124365122570038471
102124790355051158080
102126182669812206016
102126190642543427724
102127558241891875785
102127634346959669627
102127922322034553795
102129704882564127036
102130063172048669600
102130138532175181191
102131299921050084720
102132520478936792094
102133734346425572726
102134611881494768294
102135844460365220073
102136814467314268306
102138227530129217019
102140525215276383184
102144537804890613794
102145025209437382505
102146018355903401607
102148666469948983396
102148973933903027701
102150063193395713146
102150705398518083171
102153245719709563668
102155607924185207258
102157625829408817939
102158121314057388864
102159103229758937554
102159590238531779385
102163468648694134661
102165871039203768560
102166002319104311645
102166421855177071700
102167597908198656641
102168436206530560953
102169746050146191630
102171764854399021279
102171916214449575777
102174911925580410986
102176359138815975364
102177086543984349080
102178380023059802454
102178818612238939242
102179117117747504528
102179629512416382725
102179892888749593977
102180581448951542215
102182111818932276479
102183133011552205215
102184822829770432595
102185321695286465447
102185701304925663135
102187068515065406947
102187575448938568638
102189600457217697554
102189872519911284692
102191984785532716812
102195196189753775503
102198246212949641013
102199299525346646612
102200105228708664224
102201005264533505964
102201418156166237298
102203499907648192590
102203931602188260508
102204029342431666722
102205800366966556119
102206825709716072850
102206932114091593619
102207189509302709106
102207293642621180606
102209539141197746800
102209849885228426082
102210132714553880800
102212530494031801195
102212699618111962771
102216602682176921500
102218872308103070404
102219613078666107971
102220371259456758807
102220433432921354184
102220610406528382021
102222387336724003206
102222440017266581030
102223011687038613615
102223191019979641356
102223582013616964729
102225227289672438488
102225826470195709912
102227880440885888697
102227930092545572442
102231215166812499785
102232094823287546125
102232615924514218695
102232649777028054418
102233552966410769279
102234409020438615548
102234988953005685053
102235007541766066170
102235552292858669268
102235931622908647926
102236789370961973000
102236807913827254800
102237630690644190215
102237799458019903106
102239475284044327444
102239726156561359331
102240004378267169192
102240205288608209932
102240578355121655518
102241684883930370574
102241963849257091861
102242503981879386781
102242636096208798568
102243523297731109059
102244726051347355191
102245135613995678913
102249992301750289084
102252176176929670566
102255022154428179227
102257244895975197465
102257946366688745094
102258027776434832122
102258032360658227760
102258327324246743091
102259775464013909968
102259849758711242173
102260578139428967900
102262834554504548698
102264468476356960823
102265132789367697280
102265323501655866836
102265744542941897704
102265929228806343179
102266087568335910814
102267304102686599777
102267490156726271958
102267880390631461042
102268227687891099409
102268461383947227713
102268479194392923122
102270552797282947665
102271349652024523375
102272697856772298626
102273659286844788239
102274860454754878124
102274874131379205020
102276381073707169333
102277760490236666385
102277927504397840207
102281649140697110444
102285834647450838886
102286002486412142903
102286558865317563964
102286662091744950952
102287806072777687290
102288651786693892926
102290028010684171454
102290672446326377372
102292059227127018429
102294825540573076158
102299192462668613207
102299357343337095462
102300626982197861312
102300988454205799043
102301070623679105653
102305445514418587671
102306087397464105297
102306107344816334615
102307031546546646188
102308135556536024559
102308309767016604823
102309687293884401900
102309769997148590467
102313549361055624306
102315138231039111561
102316386357527783011
102316958444387697291
102318283874629002965
102320657098716238693
102324732949422607837
102325213766371083097
102326080235533128423
102326807099010662875
102327078751783438767
102327162444117411240
102328659318590367255
102328898831705437344
102329789211549173960
102334411193015935028
102334718579063421175
102336991560958316660
102337606028168999753
102338851565607508064
102341836019529259425
102343819665701842431
102344262234645898051
102344591448271550787
102346090487341838120
102346093935560744080
102348482594143749907
102348701520593742560
102350372999384110753
102351139072722230513
102354085895242346223
102354457182891257926
102355009968201373094
102356043260263525955
102356873502135583549
102358257785159181718
102359308554260797478
102360364142022488563
102362029713686462855
102362370450313420854
102364369550865803876
102364709881772924026
102364879785717604436
102365715669583325578
102368193115081705575
102368610447859569086
102368836836663729142
102370016416046566532
102370200534225984450
102375080491606872276
102375468628132104445
102376180966261762699
102377778793557444467
102380847988303352921
102382791251126432385
102384669117825357195
102384864019119328030
102388051603098919671
102388389450629380061
102388421450484575625
102389092673792014421
102389302807063253062
102390118349128083852
102390807444601853285
102392075576836505945
102392910442986967645
102393402744891861025
102395105715712286197
102396579648984270236
102397182323602489761
102399116124617862165
102399438241683786696
102399779319059650642
102404505915047323614
102404927461377556706
102405301133624375704
102406401599958537227
102406529462018962067
102407044282364476339
102408067877134970223
102411515106392188164
102412997614668197843
102413921737678876769
102414031047144934838
102414811762652031702
102417634176570524559
102417990386093202296
102418752194192442049
102419626873004280757
102419748972238158298
102420329680693786652
102420404881903219334
102420737346572459817
102421790955611222176
102422661836651956073
102423499819398227821
102423626528845410581
102424696369782531999
102425623932443870720
102425971219668584807
102426054350964913856
102428058082237763983
102428099565961593573
102429525034574501221
102429857456293810261
102433340890625291869
102434140091155518625
102434955055999592852
102437553190632253724
102439166658191778176
102439923492890446753
102441199045320935108
102442763774536218558
102442862756534170907
102447655412287350787
102447989329866350495
102451013919176624892
102453665441927494430
102456233356341503467
102458026855993922461
102459416544955773951
102459656157110484069
102460035326158702897
102460373887872121517
102461987903178098616
102463487285919415861
102463783160596955001
102464314246759412765
102464709754536565446
102466600767270152413
102467273146492559277
102467490839417754008
102468393505665134275
102469502012988732958
102470560401923792419
102471170011768526452
102473009656755184171
102473205700853143733
102474489984202384940
102474788029675448253
102475154996129769969
102475724494924504038
102475968189256619157
102479110431977439264
102480261500900940267
102482020620686463908
102482400015058325617
102482510918125267297
102485283050698979074
102486103890576743352
102486335700006054011
102487727791525654188
102488209191327536239
102489060938187990444
102489783072110970131
102494093919957907495
102495527849514316245
102495937444237537303
102501474289914084281
102503347574927277282
102505234616054239151
102505542142550166376
102507924005634305722
102510759834111905179
102511730704396052722
102513879864548387870
102515313681135665392
102515737202331214640
102515885911904184874
102516162336271737516
102518611287994331062
102519346076715922688
102519387790544022010
102519604866952767532
102522339876217546036
102524061785706511116
102526079313126016879
102528361405129491161
102528723216622384939
102530898904810717409
102534652093515938705
102535322499439907928
102540091642505957246
102540125438162804721
102540457630890864600
102540903789295256303
102541422651167943836
102541583202770009638
102543397729246690233
102543807086833803138
102546544876673061980
102547756519477917879
102548324475467330027
102550575464302679819
102552436262958389996
102553821785780226220
102556541135011139080
102559740845615205202
102560145680185786942
102561198254890715423
102565517991962114690
102566888023477576431
102567437666585588831
102567987625658871910
102569027482841763041
102570618553905722611
102570724998467290714
102571541326168989783
102573549776463959121
102574345347149450715
102575611812226112283
102575648860612400329
102576660184337855157
102579603532638074088
102580286922424740500
102580489396614596873
102580741823194558088
102582017805968244572
102582713385353814925
102585413444169958544
102586340601811768047
102588718214216395484
102588888900905872063
102588906886824857702
102589050718137112571
102590029938992090879
102590032842863357172
102591439248964157350
102593357565678783503
102593401821933574137
102594274642604203262
102594404609241222783
102594496093051398058
102597585052748495179
102597640066746173404
102598394991229610984
102600564746407532053
102600737450349861739
102601252680829307706
102601973432015666836
102603076142019697234
102604152768541969755
102606651587789188937
102607136956327050249
102607586300448844465
102607909334036717545
102608840545195496290
102610652411171269638
102610850260406922164
102612089338621547153
102612525558980908650
102613812729950745017
102614238572520391942
102614733811344786692
102614877473648898754
102617274460299073918
102620579048541237275
102621274597240758567
102621697155892052411
102624716023112633027
102625863310208978798
102625887496154680912
102626098226637669404
102627348548612901975
102629220825309577633
102630504300988177516
102630871410920201532
102631162815107049429
102632579724442810013
102633135312094656623
102634880987244473517
102635824277752664486
102636096642179955866
102638055870464535561
102638457063600428316
102640640108824293271
102641357235215588049
102643749903002577693
102647165256827055821
102647655838215775568
102648458665054326170
102648865053636249512
102650529847738777891
102652694854107111351
102653611009296994040
102653626308474312413
102654465973681816406
102655245178838069193
102655766004190540843
102656275178855813294
102660695646460692530
102663770075887136671
102667890819316734226
102668664014782393916
102669890397217757946
102670684971379330695
102672173045280239649
102672803867817363598
102673697469975538505
102673956519042375672
102674151184116396713
102674790972903841933
102676354898807325373
102678241899860391361
102678580976989422036
102680711350897454791
102680888469001003111
102681854527393337130
102682371341588919782
102683625084462088349
102685784569236480451
102686958199631256101
102689457211199929623
102690176686804011271
102690283118850522524
102691009306287148994
102692576692673158126
102692850127653262596
102693887666629506313
102695998571606065105
102696123645245967008
102698294435447029389
102700947851353709843
102702127096448457528
102703431785430708377
102704612342374463757
102705719592746314246
102705987241280768680
102706492885899382929
102707068401824981944
102710056963088673635
102710319357029219118
102710718431582957017
102711517282612430998
102712582019904202526
102715216220086341086
102715783156786468613
102717217734184379931
102718745688419787145
102720371125478511374
102724090318036418946
102724614591566830777
102725033403949033210
102726349937173063462
102727359037392911082
102728477614741994188
102728643797895414356
102728801298470995408
102730042490804552403
102734474935478114729
102736137079169729984
102738037488822692649
102739914459486404611
102740022826481581296
102741611732604977563
102741689936199292033
102742382630236224482
102743906027029625414
102745242038013283327
102746385851462256976
102748654200337727798
102751088096449689081
102751542151526406802
102752977107296217417
102753832842763195376
102755087306143987865
102755307126408076030
102757381513466698052
102757425954656910287
102759091050058324753
102759297796938011080
102759603389084916567
102760823461046517953
102761619018454563804
102762967981667468152
102763897535381923344
102763939746474185962
102764981089626324704
102765363147091274284
102766801339003132374
102767426435455541915
102769138243965648669
102769705581314941874
102770922202943904773
102771101160759204456
102773536791731762028
102777120178045230034
102777658333162820173
102777993000145948016
102779513181191032989
102780229887046998887
102780326112888864336
102782554769609086574
102783384257429892819
102783458425511511788
102784140262685590357
102785361613770800296
102785967886633137884
102786492335752420527
102787803649662700214
102789987654935567829
102790801860369550861
102794301556421167826
102794417037565441941
102794499474785866699
102795824261979645184
102797648145264983170
102799838977393311982
102802676122063361350
102803006353722338967
102806608029716405814
102806825771768699788
102807680253369081072
102810347723822275815
102811004219572542859
102813635854743509760
102815086972328024603
102815467033208490607
102816131756514216604
102817290241506700091
102817925046863331744
102819379405328818493
102819783688079133524
102820209706635537263
102820303669945962007
102820401440464722971
102821689807806215662
102823067017263236354
102829632217826872357
102830135388874294763
102830904302721550564
102831181425468730997
102831686380247111184
102834179171320591885
102834452347517925136
102839998930020457849
102840279078597362982
102843330558905189334
102843441185959268796
102843912058273731062
102844936377889424032
102847730926385269152
102850254261810004736
102850821157279635617
102852173192620905005
102853211703807539444
102853570805070942055
102853883112281670183
102855075796529370664
102856714920700330362
102857877921497187856
102858171398055790843
102859121594396470529
102860420891409821446
102860492110003183440
102861537612611362903
102862904322243773593
102863489006608581484
102863741364066310974
102865925462628008127
102866097084007775744
102866560110760138170
102867528613701424567
102869286030661861789
102869801408158374268
102871770911181123355
102872354742386747689
102873216943087870128
102873715786514723604
102874787235549325619
102876159215257076947
102876600811755640772
102877262582353703779
102878279720720006443
102881610355213447685
102882069737648430257
102885272266735383553
102887764881206313584
102887803239308433899
102888135820810965619
102888476897759409261
102889267229591686822
102890426783788728393
102891688986183841318
102896837347578807928
102897645228231253124
102903465152862124060
102904341787899702430
102904887245594299478
102906063376187986669
102907821928153652099
102909784811736416494
102909870858618199894
102909995449567229767
102910124691382721685
102912433458549082483
102912463556264612725
102913509349277742245
102916432739198580880
102917530417509475338
102920450291665660072
102921047989250366247
102921549539557907690
102924104199691044400
102924717678399708389
102925879258457190075
102926429534094978100
102927025078278922211
102927530010957811833
102931406788091708634
102933040815338039232
102933094332256009680
102936178425251961177
102936478948759245318
102937979354763544601
102942871533757405364
102944281965698506816
102946421606406842204
102946974943755887957
102947325336741453071
102947713463984115341
102948813959686852696
102949055248079023861
102952890622001494087
102954838358164326757
102954993472178859911
102955060628221825632
102956349256403900570
102959241417006339558
102959713751836792043
102959845492948118337
102960137288982858509
102961690261648842406
102964140017432418409
102964595389991857015
102964864048541857925
102965034598332590564
102966766489710861425
102967510654218308421
102970331787849694489
102973497178397614069
102974889766989250623
102975341849931042973
102977551000416626387
102977701413538485508
102979820913068958620
102988020753390580509
102989256907542355701
102991347263618663042
102993220717057433114
102994740131319800581
102995475357021300606
102995506029085882904
102997085454570345008
102997459889400550686
102998032614641732002
102998520210091906948
102998754855080757290
102999953835160240733
103000564501086167354
103000687722379539689
103002872690608966517
103005884822608305192
103006352615442362430
103006565141661473610
103006747722644346457
103008563418246374185
103010883753664902066
103011526130218932248
103014253408485985392
103015291767819491872
103017997500291549017
103018515429022657880
103018764205927124039
103019304464886115114
103019571713979535089
103019683757119979758
103020684423683159607
103023546787274786354
103025806044397664300
103026606880283184799
103027750720270039368
103027835498275258555
103028458971455085197
103029854996566209439
103031014488298214776
103032061490689562733
103032874999601188635
103035535261310705001
103038949766565975320
103039322775877003266
103039646453182423826
103040406264020007396
103042180148082076035
103042239784504780681
103043577481066076217
103044465329791387874
103045419327363983815
103045917714262499989
103045961808292173245
103049269322610712227
103049322816092090112
103049377451703450338
103049640441454897844
103051365157691627370
103051984309612312249
103052043960313402372
103054583996228781378
103057388594592442529
103058621257386854298
103059006804423825837
103060058358915630487
103060318034795174215
103061181307236258862
103063602698636901335
103067302694256063126
103068341848678837783
103068790768995382468
103069883326328339595
103071505494087259497
103071837053544020617
103075880320203540119
103076703223405592673
103077517753293894379
103077601565485519714
103079781467807995447
103084057177581603996
103084693351798040025
103085435074986672549
103086033722563410892
103086513249184837747
103087205403092559226
103088803451447338169
103088899009544355953
103089637790323527234
103091518644800682928
103093988915177950453
103094589021371113487
103094746673246100003
103094780458273850701
103097064934745290555
103098028704649745508
103100398582671734021
103101549648865281623
103101551540692642997
103102333168254867019


